BDE? (e),Qual. (g),dV (km/s) (h),V_ICME (km/s) (i),B (nT) (k),MC? (l),Dst (nT) (m),Normalized_time_interval
,,,,,,,
1.0,2.0,1.0,370.0,9.0,3.0,117.0,1.375
1.0,4.0,44.0,360.0,11.0,3.0,78.0,0.5833333333333334
1.0,4.0,44.0,360.0,11.0,3.0,78.0,0.5833333333333334
1.0,4.0,44.0,360.0,11.0,3.0,78.0,0.5833333333333334
1.0,2.0,2.0,350.0,7.0,3.0,88.0,0.7916666666666666
1.0,2.0,2.0,350.0,7.0,3.0,88.0,0.7916666666666666
1.0,2.0,2.0,350.0,7.0,3.0,88.0,0.7916666666666666
1.0,2.0,2.0,350.0,7.0,3.0,88.0,0.7916666666666666
1.0,2.0,2.0,350.0,7.0,3.0,88.0,0.7916666666666666
1.0,2.0,2.0,350.0,7.0,3.0,88.0,0.7916666666666666
1.0,2.0,2.0,350.0,7.0,3.0,88.0,0.7916666666666666
1.0,2.0,22.0,360.0,10.0,3.0,69.0,1.625
3.0,1.0,4.0,450.0,14.0,3.0,191.0,0.7916666666666666
3.0,1.0,4.0,450.0,14.0,3.0,191.0,0.7916666666666666
3.0,2.0,60.0,450.0,8.0,3.0,178.0,0.5833333333333334
3.0,2.0,60.0,450.0,8.0,3.0,178.0,0.5833333333333334
3.0,2.0,60.0,450.0,8.0,3.0,178.0,0.5833333333333334
3.0,1.0,13.0,460.0,20.0,3.0,197.0,0.4166666666666667
3.0,2.0,44.0,360.0,12.0,3.0,15.0,1.625
1.0,1.0,15.0,450.0,21.0,3.0,24.0,0.5
3.0,4.0,37.0,380.0,12.0,3.0,199.0,1.125
3.0,2.0,50.0,360.0,8.0,3.0,122.0,1.5416666666666667
3.0,2.0,50.0,360.0,8.0,3.0,122.0,1.5416666666666667
3.0,2.0,57.0,350.0,10.0,3.0,143.0,1.0
1.0,3.0,50.0,390.0,7.0,1.0,104.0,0.4583333333333333
3.0,5.0,45.0,410.0,14.0,2.0,216.0,0.2083333333333333
1.0,1.0,5.0,440.0,16.0,3.0,122.0,0.6666666666666666
3.0,1.0,45.0,400.0,12.0,3.0,36.0,0.9583333333333334
3.0,2.0,44.0,500.0,7.0,2.0,165.0,1.1666666666666667
3.0,2.0,12.0,400.0,11.0,3.0,19.0,2.208333333333333
3.0,2.0,3.0,530.0,5.0,1.0,145.0,0.875
3.0,2.0,3.0,530.0,5.0,1.0,145.0,0.875
1.0,2.0,1.0,450.0,6.0,2.0,104.0,0.9166666666666666
1.0,5.0,1.0,380.0,13.0,1.0,18.0,1.1666666666666667
3.0,1.0,47.0,320.0,11.0,3.0,118.0,1.6666666666666667
1.0,1.0,38.0,350.0,12.0,3.0,122.0,1.7083333333333333
1.0,1.0,38.0,350.0,12.0,3.0,122.0,1.7083333333333333
1.0,1.0,37.0,360.0,7.0,1.0,120.0,2.5
1.0,5.0,22.0,390.0,8.0,1.0,144.0,1.6666666666666667
3.0,2.0,33.0,550.0,10.0,1.0,81.0,3.4166666666666665
1.0,2.0,2.0,390.0,9.0,3.0,4.0,0.2083333333333333
3.0,4.0,58.0,340.0,10.0,2.0,156.0,0.9583333333333334
1.0,1.0,48.0,450.0,5.0,1.0,112.0,2.9166666666666665
3.0,5.0,22.0,400.0,10.0,1.0,120.0,2.5
3.0,5.0,22.0,370.0,8.0,2.0,73.0,1.4166666666666667
3.0,2.0,25.0,650.0,14.0,1.0,54.0,0.9583333333333334
3.0,2.0,25.0,650.0,14.0,1.0,54.0,0.9583333333333334
3.0,1.0,40.0,640.0,13.0,3.0,82.0,1.2916666666666667
1.0,4.0,48.0,520.0,7.0,1.0,155.0,0.9166666666666666
3.0,2.0,25.0,450.0,12.0,3.0,52.0,1.875
3.0,2.0,4.0,470.0,9.0,1.0,53.0,0.1666666666666666
3.0,2.0,4.0,470.0,9.0,1.0,53.0,0.1666666666666666
3.0,5.0,22.0,350.0,8.0,1.0,108.0,0.625
3.0,4.0,8.0,570.0,12.0,1.0,155.0,0.25
3.0,4.0,8.0,570.0,12.0,1.0,155.0,0.25
3.0,2.0,32.0,540.0,9.0,3.0,31.0,2.1666666666666665
3.0,2.0,38.0,410.0,7.0,1.0,196.0,1.25
3.0,5.0,2.0,340.0,5.0,2.0,112.0,0.9166666666666666
3.0,1.0,7.0,490.0,8.0,4.0,108.0,1.2916666666666667
3.0,1.0,7.0,490.0,8.0,4.0,108.0,1.2916666666666667
1.0,4.0,1.0,390.0,5.0,1.0,35.0,2.208333333333333
3.0,4.0,44.0,430.0,9.0,2.0,164.0,0.8333333333333334
3.0,4.0,4.0,670.0,7.0,1.0,135.0,1.125
3.0,4.0,53.0,450.0,4.0,1.0,4.0,0.75
3.0,2.0,23.0,360.0,9.0,3.0,145.0,1.75
3.0,2.0,1.0,460.0,7.0,2.0,176.0,2.375
3.0,2.0,1.0,460.0,7.0,2.0,176.0,2.375
3.0,1.0,8.0,530.0,11.0,1.0,65.0,1.2083333333333333
3.0,1.0,8.0,530.0,11.0,1.0,65.0,1.2083333333333333
3.0,2.0,38.0,480.0,20.0,1.0,92.0,0.8333333333333334
3.0,4.0,44.0,450.0,9.0,1.0,135.0,2.0
3.0,2.0,40.0,520.0,12.0,1.0,201.0,0.75
3.0,4.0,48.0,430.0,8.0,2.0,193.0,0.5833333333333334
3.0,4.0,48.0,430.0,8.0,2.0,193.0,0.5833333333333334
3.0,2.0,38.0,380.0,16.0,2.0,215.0,0.25
3.0,2.0,8.0,380.0,15.0,3.0,100.0,1.1666666666666667
3.0,1.0,22.0,480.0,8.0,1.0,139.0,0.875
1.0,2.0,36.0,420.0,7.0,1.0,165.0,2.083333333333333
3.0,2.0,28.0,560.0,6.0,2.0,107.0,0.875
3.0,4.0,15.0,500.0,6.0,1.0,123.0,2.458333333333333
3.0,2.0,53.0,570.0,8.0,1.0,5.0,0.375
3.0,2.0,34.0,610.0,11.0,1.0,207.0,2.083333333333333
3.0,2.0,50.0,520.0,10.0,1.0,189.0,0.4583333333333333
3.0,2.0,43.0,740.0,20.0,3.0,113.0,1.4166666666666667
3.0,2.0,55.0,440.0,9.0,3.0,182.0,1.9166666666666667
3.0,1.0,8.0,580.0,18.0,3.0,91.0,1.5833333333333333
3.0,4.0,47.0,450.0,5.0,1.0,146.0,1.7916666666666667
3.0,2.0,32.0,600.0,10.0,3.0,79.0,3.0
3.0,1.0,8.0,400.0,12.0,3.0,15.0,0.9166666666666666
3.0,1.0,48.0,380.0,14.0,3.0,33.0,0.9166666666666666
1.0,2.0,6.0,790.0,7.0,1.0,123.0,0.5416666666666666
3.0,2.0,48.0,540.0,9.0,2.0,27.0,1.3333333333333333
3.0,4.0,47.0,320.0,12.0,1.0,170.0,0.375
3.0,4.0,47.0,320.0,12.0,1.0,170.0,0.375
3.0,2.0,12.0,400.0,4.0,2.0,167.0,1.7916666666666667
3.0,2.0,12.0,400.0,4.0,2.0,167.0,1.7916666666666667
1.0,2.0,48.0,440.0,8.0,4.0,185.0,0.7916666666666666
3.0,1.0,4.0,360.0,15.0,3.0,52.0,2.1666666666666665
3.0,2.0,30.0,640.0,14.0,3.0,103.0,1.25
1.0,2.0,46.0,550.0,8.0,3.0,145.0,2.375
1.0,3.0,1.0,430.0,8.0,1.0,146.0,0.3333333333333333
1.0,2.0,4.0,420.0,7.0,3.0,136.0,3.333333333333333
1.0,1.0,48.0,390.0,9.0,2.0,193.0,0.4166666666666667
3.0,2.0,37.0,400.0,5.0,3.0,125.0,1.9583333333333333
1.0,2.0,22.0,400.0,8.0,2.0,131.0,0.2083333333333333
1.0,5.0,1.0,390.0,5.0,1.0,58.0,1.25
1.0,2.0,1.0,360.0,5.0,2.0,62.0,1.25
3.0,2.0,38.0,410.0,10.0,2.0,158.0,1.0416666666666667
3.0,2.0,37.0,500.0,12.0,4.0,61.0,0.9583333333333334
3.0,4.0,22.0,420.0,10.0,1.0,102.0,1.25
3.0,2.0,39.0,600.0,7.0,2.0,110.0,2.5
3.0,2.0,49.0,720.0,14.0,3.0,86.0,1.125
3.0,2.0,49.0,720.0,14.0,3.0,86.0,1.125
1.0,4.0,61.0,400.0,16.0,2.0,160.0,0.625
1.0,4.0,61.0,400.0,16.0,2.0,160.0,0.625
1.0,4.0,61.0,400.0,16.0,2.0,160.0,0.625
3.0,2.0,58.0,390.0,11.0,4.0,182.0,1.1666666666666667
3.0,2.0,16.0,380.0,15.0,3.0,123.0,1.3333333333333333
3.0,2.0,55.0,450.0,15.0,3.0,8.0,1.2083333333333333
3.0,1.0,25.0,500.0,8.0,3.0,52.0,1.625
1.0,2.0,61.0,430.0,15.0,2.0,19.0,0.25
3.0,2.0,46.0,590.0,11.0,3.0,17.0,1.7916666666666667
3.0,2.0,46.0,590.0,11.0,3.0,17.0,1.7916666666666667
3.0,2.0,46.0,590.0,11.0,3.0,17.0,1.7916666666666667
3.0,2.0,52.0,650.0,7.0,1.0,122.0,2.0416666666666665
3.0,2.0,51.0,460.0,10.0,3.0,10.0,1.7083333333333333
1.0,3.0,1.0,400.0,8.0,2.0,136.0,0.25
1.0,2.0,47.0,440.0,9.0,2.0,197.0,1.8333333333333333
1.0,2.0,58.0,430.0,11.0,2.0,49.0,1.5833333333333333
1.0,2.0,58.0,430.0,11.0,2.0,49.0,1.5833333333333333
1.0,2.0,58.0,430.0,11.0,2.0,49.0,1.5833333333333333
3.0,2.0,23.0,380.0,10.0,2.0,155.0,1.9583333333333333
3.0,2.0,23.0,380.0,10.0,2.0,155.0,1.9583333333333333
1.0,2.0,37.0,440.0,11.0,1.0,187.0,1.5416666666666667
1.0,2.0,37.0,440.0,11.0,1.0,187.0,1.5416666666666667
3.0,2.0,42.0,510.0,11.0,1.0,183.0,1.375
3.0,1.0,54.0,600.0,8.0,1.0,62.0,1.375
3.0,1.0,54.0,600.0,8.0,1.0,62.0,1.375
3.0,1.0,4.0,650.0,11.0,3.0,173.0,0.2916666666666667
3.0,1.0,4.0,650.0,11.0,3.0,173.0,0.2916666666666667
3.0,1.0,4.0,650.0,11.0,3.0,173.0,0.2916666666666667
1.0,2.0,4.0,680.0,8.0,2.0,199.0,1.5833333333333333
3.0,4.0,28.0,680.0,7.0,1.0,172.0,1.0
1.0,4.0,57.0,480.0,10.0,3.0,45.0,0.7916666666666666
1.0,4.0,57.0,480.0,10.0,3.0,45.0,0.7916666666666666
3.0,2.0,1.0,440.0,9.0,2.0,165.0,1.0416666666666667
3.0,1.0,58.0,450.0,18.0,3.0,51.0,1.4583333333333333
3.0,1.0,58.0,450.0,18.0,3.0,51.0,1.4583333333333333
3.0,1.0,58.0,450.0,18.0,3.0,51.0,1.4583333333333333
3.0,1.0,58.0,450.0,18.0,3.0,51.0,1.4583333333333333
3.0,2.0,56.0,800.0,9.0,2.0,127.0,1.7916666666666667
3.0,2.0,31.0,580.0,28.0,3.0,138.0,0.7916666666666666
3.0,2.0,31.0,580.0,28.0,3.0,138.0,0.7916666666666666
3.0,2.0,31.0,580.0,28.0,3.0,138.0,0.7916666666666666
1.0,2.0,50.0,560.0,10.0,2.0,143.0,0.8333333333333334
3.0,2.0,51.0,490.0,10.0,2.0,196.0,1.0833333333333333
1.0,2.0,1.0,440.0,8.0,1.0,93.0,0.7916666666666666
1.0,2.0,1.0,440.0,8.0,1.0,93.0,0.7916666666666666
1.0,2.0,1.0,440.0,8.0,1.0,93.0,0.7916666666666666
3.0,1.0,45.0,440.0,15.0,3.0,25.0,2.0416666666666665
3.0,2.0,37.0,400.0,9.0,2.0,35.0,1.125
3.0,2.0,37.0,400.0,9.0,2.0,35.0,1.125
3.0,2.0,37.0,400.0,9.0,2.0,35.0,1.125
3.0,2.0,37.0,400.0,9.0,2.0,35.0,1.125
3.0,2.0,37.0,400.0,9.0,2.0,35.0,1.125
3.0,1.0,40.0,870.0,16.0,3.0,64.0,0.7083333333333334
1.0,4.0,44.0,440.0,6.0,2.0,117.0,0.6666666666666666
1.0,1.0,45.0,390.0,12.0,3.0,34.0,1.0
1.0,4.0,22.0,400.0,6.0,2.0,117.0,1.375
1.0,4.0,22.0,400.0,6.0,2.0,117.0,1.375
1.0,4.0,22.0,400.0,6.0,2.0,117.0,1.375
3.0,2.0,50.0,520.0,7.0,2.0,209.0,1.5
3.0,2.0,50.0,520.0,7.0,2.0,209.0,1.5
3.0,2.0,50.0,400.0,13.0,2.0,157.0,0.75
1.0,2.0,50.0,520.0,17.0,2.0,211.0,0.75
3.0,2.0,42.0,810.0,19.0,1.0,215.0,0.7916666666666666
1.0,2.0,7.0,560.0,8.0,1.0,104.0,1.6666666666666667
1.0,4.0,37.0,380.0,9.0,1.0,75.0,1.0833333333333333
1.0,4.0,37.0,380.0,9.0,1.0,75.0,1.0833333333333333
1.0,4.0,37.0,380.0,9.0,1.0,75.0,1.0833333333333333
1.0,4.0,37.0,380.0,9.0,1.0,75.0,1.0833333333333333
3.0,2.0,46.0,630.0,15.0,3.0,95.0,3.625
1.0,2.0,10.0,460.0,15.0,2.0,22.0,0.7916666666666666
3.0,4.0,30.0,600.0,7.0,2.0,133.0,0.9583333333333334
3.0,4.0,30.0,600.0,7.0,2.0,133.0,0.9583333333333334
1.0,2.0,48.0,420.0,8.0,3.0,177.0,1.25
1.0,2.0,22.0,440.0,8.0,2.0,145.0,0.0833333333333333
1.0,2.0,22.0,440.0,8.0,2.0,145.0,0.0833333333333333
3.0,4.0,1.0,680.0,7.0,2.0,195.0,1.375
1.0,3.0,1.0,350.0,6.0,1.0,117.0,0.875
1.0,3.0,1.0,350.0,6.0,1.0,117.0,0.875
1.0,2.0,22.0,360.0,11.0,3.0,186.0,0.5833333333333334
1.0,2.0,22.0,360.0,11.0,3.0,186.0,0.5833333333333334
1.0,2.0,22.0,360.0,11.0,3.0,186.0,0.5833333333333334
3.0,2.0,37.0,480.0,8.0,3.0,112.0,1.4166666666666667
3.0,2.0,37.0,480.0,8.0,3.0,112.0,1.4166666666666667
1.0,2.0,37.0,340.0,10.0,3.0,85.0,0.5416666666666666
1.0,2.0,37.0,340.0,10.0,3.0,85.0,0.5416666666666666
1.0,2.0,37.0,340.0,10.0,3.0,85.0,0.5416666666666666
1.0,2.0,37.0,340.0,10.0,3.0,85.0,0.5416666666666666
3.0,2.0,7.0,520.0,18.0,3.0,216.0,0.5416666666666666
3.0,2.0,7.0,520.0,18.0,3.0,216.0,0.5416666666666666
3.0,2.0,7.0,520.0,18.0,3.0,216.0,0.5416666666666666
3.0,2.0,7.0,520.0,18.0,3.0,216.0,0.5416666666666666
3.0,2.0,7.0,520.0,18.0,3.0,216.0,0.5416666666666666
1.0,1.0,4.0,380.0,8.0,1.0,102.0,0.7916666666666666
1.0,1.0,4.0,380.0,8.0,1.0,102.0,0.7916666666666666
1.0,2.0,61.0,400.0,8.0,1.0,192.0,1.0
3.0,4.0,1.0,400.0,8.0,3.0,120.0,1.3333333333333333
1.0,4.0,59.0,400.0,15.0,3.0,83.0,0.375
1.0,4.0,59.0,400.0,15.0,3.0,83.0,0.375
3.0,5.0,1.0,380.0,5.0,1.0,104.0,0.75
1.0,5.0,37.0,400.0,9.0,1.0,78.0,1.5416666666666667
1.0,4.0,22.0,420.0,12.0,3.0,176.0,1.0833333333333333
1.0,4.0,55.0,580.0,4.0,1.0,157.0,0.5833333333333334
3.0,1.0,2.0,290.0,7.0,2.0,131.0,1.375
3.0,1.0,2.0,290.0,7.0,2.0,131.0,1.375
3.0,1.0,2.0,290.0,7.0,2.0,131.0,1.375
1.0,2.0,2.0,360.0,7.0,2.0,58.0,0.25
1.0,2.0,2.0,360.0,7.0,2.0,58.0,0.25
1.0,2.0,2.0,360.0,7.0,2.0,58.0,0.25
1.0,1.0,50.0,410.0,11.0,3.0,177.0,0.4583333333333333
1.0,4.0,22.0,380.0,4.0,1.0,35.0,1.125
1.0,4.0,22.0,380.0,4.0,1.0,35.0,1.125
3.0,2.0,50.0,360.0,14.0,3.0,195.0,0.7916666666666666
3.0,2.0,22.0,360.0,6.0,2.0,18.0,1.2083333333333333
3.0,2.0,22.0,360.0,6.0,2.0,18.0,1.2083333333333333
3.0,2.0,11.0,530.0,9.0,3.0,186.0,0.4583333333333333
3.0,2.0,11.0,530.0,9.0,3.0,186.0,0.4583333333333333
3.0,2.0,11.0,530.0,9.0,3.0,186.0,0.4583333333333333
3.0,2.0,11.0,530.0,9.0,3.0,186.0,0.4583333333333333
3.0,2.0,11.0,530.0,9.0,3.0,186.0,0.4583333333333333
3.0,4.0,37.0,340.0,9.0,2.0,18.0,1.5416666666666667
3.0,4.0,37.0,340.0,9.0,2.0,18.0,1.5416666666666667
3.0,4.0,37.0,340.0,9.0,2.0,18.0,1.5416666666666667
3.0,4.0,37.0,340.0,9.0,2.0,18.0,1.5416666666666667
1.0,2.0,1.0,350.0,10.0,3.0,139.0,0.375
1.0,2.0,37.0,350.0,7.0,2.0,43.0,0.9583333333333334
3.0,2.0,9.0,470.0,10.0,2.0,116.0,1.4166666666666667
3.0,4.0,47.0,430.0,6.0,1.0,102.0,1.75
3.0,4.0,47.0,430.0,6.0,1.0,102.0,1.75
3.0,2.0,47.0,360.0,12.0,3.0,131.0,1.0833333333333333
3.0,2.0,47.0,360.0,12.0,3.0,131.0,1.0833333333333333
3.0,2.0,47.0,360.0,12.0,3.0,131.0,1.0833333333333333
3.0,1.0,7.0,510.0,12.0,3.0,143.0,0.5833333333333334
3.0,2.0,57.0,500.0,9.0,2.0,150.0,0.2083333333333333
3.0,2.0,37.0,360.0,5.0,2.0,104.0,0.6666666666666666
3.0,2.0,44.0,410.0,4.0,1.0,62.0,1.3333333333333333
3.0,1.0,19.0,540.0,4.0,2.0,24.0,0.875
3.0,1.0,19.0,540.0,4.0,2.0,24.0,0.875
1.0,4.0,22.0,390.0,5.0,2.0,108.0,0.375
3.0,4.0,1.0,380.0,4.0,1.0,117.0,0.5
3.0,2.0,13.0,460.0,21.0,3.0,50.0,0.625
3.0,4.0,57.0,370.0,5.0,2.0,35.0,1.5416666666666667
1.0,4.0,1.0,400.0,7.0,2.0,43.0,0.4166666666666667
1.0,4.0,1.0,400.0,7.0,2.0,43.0,0.4166666666666667
3.0,4.0,1.0,400.0,7.0,2.0,58.0,0.3333333333333333
3.0,4.0,47.0,450.0,9.0,3.0,182.0,0.2083333333333333
1.0,4.0,44.0,370.0,9.0,2.0,177.0,1.25
1.0,4.0,1.0,390.0,6.0,2.0,151.0,1.0833333333333333
1.0,4.0,17.0,680.0,9.0,2.0,205.0,0.5833333333333334
1.0,4.0,17.0,680.0,9.0,2.0,205.0,0.5833333333333334
3.0,4.0,53.0,540.0,5.0,1.0,158.0,1.625
3.0,4.0,53.0,540.0,5.0,1.0,158.0,1.625
3.0,2.0,1.0,370.0,10.0,3.0,129.0,1.125
3.0,1.0,57.0,440.0,28.0,3.0,202.0,0.4166666666666667
3.0,4.0,47.0,470.0,8.0,2.0,73.0,1.2083333333333333
1.0,4.0,47.0,460.0,5.0,1.0,104.0,1.0833333333333333
1.0,4.0,47.0,460.0,5.0,1.0,104.0,1.0833333333333333
1.0,4.0,47.0,460.0,5.0,1.0,104.0,1.0833333333333333
3.0,1.0,1.0,420.0,10.0,3.0,116.0,0.4166666666666667
1.0,4.0,1.0,320.0,6.0,2.0,116.0,0.2083333333333333
1.0,4.0,1.0,320.0,6.0,2.0,116.0,0.2083333333333333
1.0,2.0,1.0,370.0,2.0,2.0,1.0,0.375
1.0,4.0,22.0,360.0,4.0,1.0,4.0,0.7083333333333334
3.0,4.0,37.0,330.0,7.0,3.0,3.0,0.2916666666666667
3.0,4.0,37.0,330.0,7.0,3.0,3.0,0.2916666666666667
1.0,2.0,44.0,430.0,5.0,2.0,97.0,0.5833333333333334
1.0,2.0,44.0,430.0,5.0,2.0,97.0,0.5833333333333334
1.0,2.0,50.0,360.0,7.0,2.0,133.0,0.25
1.0,2.0,50.0,360.0,7.0,2.0,133.0,0.25
1.0,4.0,5.0,520.0,9.0,2.0,129.0,0.0416666666666666
3.0,2.0,3.0,410.0,9.0,3.0,164.0,1.125
1.0,2.0,37.0,430.0,10.0,2.0,183.0,0.1666666666666666
3.0,1.0,11.0,660.0,7.0,1.0,145.0,0.8333333333333334
3.0,2.0,22.0,430.0,3.0,2.0,78.0,0.2916666666666667
3.0,1.0,53.0,390.0,10.0,3.0,10.0,1.2916666666666667
3.0,1.0,50.0,430.0,13.0,3.0,196.0,1.6666666666666667
3.0,1.0,50.0,430.0,13.0,3.0,196.0,1.6666666666666667
3.0,4.0,37.0,400.0,4.0,2.0,108.0,0.875
3.0,4.0,37.0,400.0,4.0,2.0,108.0,0.875
3.0,4.0,37.0,400.0,4.0,2.0,108.0,0.875
3.0,1.0,3.0,480.0,6.0,1.0,179.0,1.5
3.0,1.0,3.0,480.0,6.0,1.0,179.0,1.5
3.0,2.0,1.0,460.0,7.0,2.0,112.0,0.2916666666666667
3.0,2.0,47.0,450.0,9.0,3.0,85.0,1.375
3.0,2.0,37.0,300.0,11.0,3.0,120.0,0.375
3.0,2.0,37.0,300.0,11.0,3.0,120.0,0.375
3.0,2.0,37.0,300.0,11.0,3.0,120.0,0.375
3.0,2.0,19.0,490.0,6.0,1.0,214.0,1.2916666666666667
3.0,2.0,19.0,490.0,6.0,1.0,214.0,1.2916666666666667
3.0,2.0,19.0,490.0,6.0,1.0,214.0,1.2916666666666667
3.0,4.0,2.0,350.0,5.0,3.0,202.0,1.4583333333333333
3.0,4.0,1.0,310.0,9.0,3.0,177.0,0.9166666666666666
3.0,4.0,1.0,310.0,9.0,3.0,177.0,0.9166666666666666
3.0,2.0,50.0,480.0,9.0,1.0,123.0,1.75
3.0,2.0,50.0,480.0,9.0,1.0,123.0,1.75
3.0,2.0,50.0,480.0,9.0,1.0,123.0,1.75
3.0,2.0,50.0,480.0,9.0,1.0,123.0,1.75
3.0,1.0,44.0,360.0,17.0,3.0,104.0,1.4166666666666667
3.0,1.0,44.0,360.0,17.0,3.0,104.0,1.4166666666666667
3.0,2.0,1.0,310.0,9.0,2.0,69.0,1.625
3.0,2.0,1.0,310.0,9.0,2.0,69.0,1.625
3.0,2.0,1.0,310.0,9.0,2.0,69.0,1.625
1.0,4.0,47.0,480.0,9.0,1.0,174.0,0.4166666666666667
1.0,4.0,47.0,480.0,9.0,1.0,174.0,0.4166666666666667
3.0,2.0,53.0,380.0,16.0,3.0,182.0,0.4166666666666667
3.0,1.0,37.0,450.0,16.0,3.0,218.0,0.4166666666666667
3.0,1.0,37.0,450.0,16.0,3.0,218.0,0.4166666666666667
3.0,1.0,37.0,450.0,16.0,3.0,218.0,0.4166666666666667
3.0,1.0,37.0,450.0,16.0,3.0,218.0,0.4166666666666667
3.0,4.0,53.0,640.0,8.0,1.0,140.0,0.625
3.0,1.0,44.0,380.0,13.0,3.0,188.0,0.7083333333333334
3.0,1.0,44.0,380.0,13.0,3.0,188.0,0.7083333333333334
1.0,2.0,1.0,370.0,11.0,3.0,153.0,0.4583333333333333
3.0,4.0,44.0,460.0,16.0,3.0,141.0,0.125
3.0,4.0,44.0,460.0,16.0,3.0,141.0,0.125
3.0,4.0,47.0,490.0,5.0,2.0,159.0,0.4583333333333333
3.0,2.0,44.0,490.0,8.0,1.0,168.0,1.25
3.0,2.0,2.0,500.0,12.0,2.0,200.0,0.3333333333333333
3.0,2.0,22.0,370.0,11.0,2.0,210.0,1.9583333333333333
3.0,4.0,2.0,460.0,5.0,1.0,126.0,0.3333333333333333
3.0,2.0,7.0,510.0,5.0,1.0,188.0,0.5833333333333334
3.0,2.0,50.0,430.0,7.0,2.0,181.0,1.4583333333333333
1.0,1.0,59.0,500.0,13.0,3.0,206.0,1.2916666666666667
1.0,1.0,59.0,500.0,13.0,3.0,206.0,1.2916666666666667
1.0,1.0,59.0,500.0,13.0,3.0,206.0,1.2916666666666667
3.0,2.0,59.0,440.0,10.0,3.0,20.0,1.625
3.0,2.0,37.0,410.0,5.0,2.0,6.0,1.875
3.0,2.0,37.0,410.0,5.0,2.0,6.0,1.875
3.0,2.0,37.0,410.0,5.0,2.0,6.0,1.875
1.0,2.0,2.0,360.0,12.0,3.0,132.0,0.7083333333333334
1.0,4.0,22.0,400.0,7.0,2.0,137.0,0.4583333333333333
1.0,4.0,1.0,400.0,5.0,2.0,98.0,1.0833333333333333
1.0,4.0,1.0,400.0,5.0,2.0,98.0,1.0833333333333333
1.0,4.0,1.0,400.0,5.0,2.0,98.0,1.0833333333333333
1.0,4.0,1.0,400.0,5.0,2.0,98.0,1.0833333333333333
1.0,4.0,1.0,400.0,5.0,2.0,98.0,1.0833333333333333
3.0,1.0,5.0,440.0,10.0,3.0,89.0,2.208333333333333
3.0,2.0,2.0,420.0,20.0,3.0,44.0,0.4166666666666667
3.0,2.0,2.0,420.0,20.0,3.0,44.0,0.4166666666666667
3.0,2.0,2.0,420.0,20.0,3.0,44.0,0.4166666666666667
3.0,2.0,2.0,420.0,20.0,3.0,44.0,0.4166666666666667
3.0,1.0,57.0,390.0,19.0,3.0,12.0,1.2916666666666667
3.0,5.0,1.0,350.0,4.0,1.0,63.0,1.0
1.0,2.0,47.0,360.0,11.0,3.0,162.0,0.5416666666666666
1.0,2.0,47.0,360.0,11.0,3.0,162.0,0.5416666666666666
1.0,2.0,47.0,360.0,11.0,3.0,162.0,0.5416666666666666
1.0,2.0,47.0,360.0,11.0,3.0,162.0,0.5416666666666666
1.0,2.0,47.0,360.0,11.0,3.0,162.0,0.5416666666666666
1.0,2.0,47.0,360.0,11.0,3.0,162.0,0.5416666666666666
1.0,2.0,47.0,360.0,11.0,3.0,162.0,0.5416666666666666
1.0,2.0,47.0,360.0,11.0,3.0,162.0,0.5416666666666666
3.0,2.0,47.0,380.0,6.0,2.0,99.0,0.875
3.0,2.0,47.0,380.0,6.0,2.0,99.0,0.875
3.0,2.0,47.0,380.0,6.0,2.0,99.0,0.875
3.0,1.0,57.0,360.0,16.0,3.0,30.0,1.5416666666666667
3.0,1.0,57.0,360.0,16.0,3.0,30.0,1.5416666666666667
3.0,1.0,59.0,520.0,13.0,3.0,184.0,1.0833333333333333
3.0,1.0,59.0,520.0,13.0,3.0,184.0,1.0833333333333333
3.0,4.0,47.0,500.0,5.0,2.0,148.0,1.4583333333333333
3.0,1.0,27.0,590.0,7.0,2.0,32.0,2.2916666666666665
3.0,1.0,27.0,590.0,7.0,2.0,32.0,2.2916666666666665
3.0,1.0,27.0,590.0,7.0,2.0,32.0,2.2916666666666665
3.0,1.0,27.0,590.0,7.0,2.0,32.0,2.2916666666666665
3.0,1.0,27.0,590.0,7.0,2.0,32.0,2.2916666666666665
3.0,1.0,27.0,590.0,7.0,2.0,32.0,2.2916666666666665
1.0,5.0,1.0,480.0,7.0,2.0,96.0,1.0416666666666667
1.0,5.0,1.0,480.0,7.0,2.0,96.0,1.0416666666666667
1.0,5.0,1.0,480.0,7.0,2.0,96.0,1.0416666666666667
1.0,5.0,1.0,480.0,7.0,2.0,96.0,1.0416666666666667
1.0,5.0,1.0,480.0,7.0,2.0,96.0,1.0416666666666667
3.0,1.0,57.0,410.0,14.0,3.0,130.0,0.9583333333333334
3.0,1.0,57.0,410.0,14.0,3.0,130.0,0.9583333333333334
3.0,1.0,57.0,410.0,14.0,3.0,130.0,0.9583333333333334
3.0,4.0,1.0,430.0,10.0,2.0,84.0,0.2083333333333333
3.0,2.0,1.0,400.0,9.0,3.0,99.0,0.8333333333333334
3.0,2.0,1.0,400.0,9.0,3.0,99.0,0.8333333333333334
3.0,2.0,1.0,330.0,9.0,3.0,220.0,0.8333333333333334
3.0,2.0,1.0,330.0,9.0,3.0,220.0,0.8333333333333334
3.0,2.0,1.0,330.0,9.0,3.0,220.0,0.8333333333333334
3.0,2.0,37.0,410.0,16.0,3.0,66.0,0.875
3.0,2.0,37.0,410.0,16.0,3.0,66.0,0.875
3.0,4.0,1.0,440.0,8.0,1.0,106.0,0.7083333333333334
3.0,4.0,1.0,440.0,8.0,1.0,106.0,0.7083333333333334
3.0,4.0,1.0,440.0,8.0,1.0,106.0,0.7083333333333334
3.0,4.0,1.0,440.0,8.0,1.0,106.0,0.7083333333333334
3.0,4.0,1.0,440.0,8.0,1.0,106.0,0.7083333333333334
3.0,4.0,1.0,440.0,8.0,1.0,106.0,0.7083333333333334
3.0,4.0,1.0,440.0,8.0,1.0,106.0,0.7083333333333334
3.0,4.0,1.0,440.0,8.0,1.0,106.0,0.7083333333333334
3.0,4.0,1.0,440.0,8.0,1.0,106.0,0.7083333333333334
3.0,4.0,1.0,440.0,8.0,1.0,106.0,0.7083333333333334
3.0,4.0,1.0,440.0,8.0,1.0,106.0,0.7083333333333334
3.0,4.0,1.0,440.0,8.0,1.0,106.0,0.7083333333333334
3.0,2.0,50.0,470.0,8.0,3.0,175.0,1.2916666666666667
3.0,1.0,50.0,350.0,10.0,3.0,59.0,0.7083333333333334
3.0,1.0,50.0,350.0,10.0,3.0,59.0,0.7083333333333334
3.0,1.0,50.0,350.0,10.0,3.0,59.0,0.7083333333333334
3.0,1.0,50.0,350.0,10.0,3.0,59.0,0.7083333333333334
3.0,1.0,50.0,350.0,10.0,3.0,59.0,0.7083333333333334
3.0,1.0,50.0,350.0,10.0,3.0,59.0,0.7083333333333334
3.0,1.0,50.0,350.0,10.0,3.0,59.0,0.7083333333333334
3.0,1.0,50.0,350.0,10.0,3.0,59.0,0.7083333333333334
3.0,1.0,50.0,350.0,10.0,3.0,59.0,0.7083333333333334
3.0,2.0,22.0,380.0,10.0,3.0,74.0,0.9166666666666666
3.0,4.0,50.0,360.0,12.0,3.0,90.0,0.9583333333333334
3.0,4.0,50.0,360.0,12.0,3.0,90.0,0.9583333333333334
3.0,4.0,50.0,360.0,12.0,3.0,90.0,0.9583333333333334
3.0,2.0,1.0,370.0,8.0,3.0,94.0,0.7083333333333334
3.0,2.0,1.0,370.0,8.0,3.0,94.0,0.7083333333333334
3.0,2.0,1.0,370.0,8.0,3.0,94.0,0.7083333333333334
3.0,2.0,1.0,370.0,8.0,3.0,94.0,0.7083333333333334
3.0,2.0,1.0,370.0,8.0,3.0,94.0,0.7083333333333334
3.0,1.0,47.0,330.0,15.0,3.0,163.0,0.6666666666666666
3.0,1.0,47.0,330.0,15.0,3.0,163.0,0.6666666666666666
3.0,1.0,47.0,330.0,15.0,3.0,163.0,0.6666666666666666
3.0,1.0,47.0,330.0,15.0,3.0,163.0,0.6666666666666666
3.0,1.0,47.0,330.0,15.0,3.0,163.0,0.6666666666666666
3.0,1.0,47.0,330.0,15.0,3.0,163.0,0.6666666666666666
3.0,1.0,47.0,330.0,15.0,3.0,163.0,0.6666666666666666
3.0,1.0,47.0,330.0,15.0,3.0,163.0,0.6666666666666666
3.0,1.0,47.0,330.0,15.0,3.0,163.0,0.6666666666666666
3.0,1.0,47.0,330.0,15.0,3.0,163.0,0.6666666666666666
3.0,2.0,22.0,350.0,10.0,3.0,134.0,0.75
3.0,2.0,22.0,350.0,10.0,3.0,134.0,0.75
3.0,2.0,22.0,350.0,10.0,3.0,134.0,0.75
3.0,2.0,5.0,440.0,5.0,1.0,7.0,2.083333333333333
3.0,2.0,5.0,440.0,5.0,1.0,7.0,2.083333333333333
3.0,2.0,5.0,440.0,5.0,1.0,7.0,2.083333333333333
3.0,2.0,5.0,440.0,5.0,1.0,7.0,2.083333333333333
3.0,2.0,5.0,440.0,5.0,1.0,7.0,2.083333333333333
3.0,5.0,44.0,510.0,5.0,1.0,115.0,1.1666666666666667
3.0,5.0,44.0,510.0,5.0,1.0,115.0,1.1666666666666667
3.0,5.0,44.0,510.0,5.0,1.0,115.0,1.1666666666666667
3.0,5.0,44.0,510.0,5.0,1.0,115.0,1.1666666666666667
